                                                                
                                                                
                                                                
                                                                
                                                                
                                                                
                       222222222                                
                      2223322332222422422                       
                     2222224222222422422422    4                
                   1 222222222222224224224244  4                
                    1 24422442222222222222   44                 
            33333333333333333333333333333333333333333           
            35555555555555555555555555555555555555553           
            35565756565555555585858585858585858585553           
            35555555555555555585858585858585858585553           
            35855555555555555555555555555555555555853           
            33333333333333333333333333333333333333333           
            35555555555555555555555555555555555555553           
            35565757565555555585858585858585858585553           
            35555555555555555585858585858585858585553           
            35855555555555555555555555555555555555853           
            33333333333333333333333333333333333333333           
            35555555555555555555555555555555555555553           
            35565756565555555585858585858585858585553           
            35555555555555555585858585858585858585553           
            35855555555555555555555555555555555555853           
            33333333333333333333333333333333333333333           
          999999999999999999999999999999999999999999999         
