                                                                
                                                                
                                                                
                                                                
                                                                
                        2     2                                 
                        2222222    22222                        
                       222222222  2422422                       
                     2222332233222422422422    4                
                     222222422222224224224244  4                
                   44224422222222222222222   44                 
            33333333333333333333333333333333333333333           
            35555555555555555555555555555555555555553           
            35565756565555555585858585858585858585553           
            35555555555555555585858585858585858585553           
            35855555555555555555555555555555555555853           
            33333333333333333333333333333333333333333           
            35555555555555555555555555555555555555553           
            35565757565555555585858585858585858585553           
            35555555555555555585858585858585858585553           
            35855555555555555555555555555555555555853           
            33333333333333333333333333333333333333333           
            35555555555555555555555555555555555555553           
            35565756565555555585858585858585858585553           
            35555555555555555585858585858585858585553           
            35855555555555555555555555555555555555853           
            33333333333333333333333333333333333333333           
          999999999999999999999999999999999999999999999         