                                                                
                                                                
                                                                
                                                                
                        2     2                                 
                        2222222                                 
                       223322332                                
                      2222222222222422422                       
                     2222224222222422422422    4                
                     222223332222224224224244  4                
                      24423334422222222222   44                 
            33333333333333333333333333333333333333333           
            35555555555555555555555555555555555555553           
            35565756565555555585858585858585858585553           
            35555555555555555585858585858585858585553           
            35855555555555555555555555555555555555853           
            33333333333333333333333333333333333333333           
            35555555555555555555555555555555555555553           
            35565757565555555585858585858585858585553           
            35555555555555555585858585858585858585553           
            35855555555555555555555555555555555555853           
            33333333333333333333333333333333333333333           
            35555555555555555555555555555555555555553           
            35565756565555555585858585858585858585553           
            35555555555555555585858585858585858585553           
            35855555555555555555555555555555555555853           
            33333333333333333333333333333333333333333           
          999999999999999999999999999999999999999999999         